>> 
>> X = [72 22 551734]
X =

           72           22   5.5173e+05

>> format long
>> X
X =

       72       22   551734

>> A = 14
A = 14
>> R1 = X + A
R1 =

       86       36   551748

>> R2 = R1 / X
R2 = 1.000025378869068
>> R3 = R2 * A
R3 = 14.00035530416696
>> R4 = X .^ 3
R4 =

 Columns 1 and 2:

   3.732480000000000e+05   1.064800000000000e+04

 Column 3:

   1.679535713611149e+17

>> diary off